5.10052635159073849e-03 3.97090395712800318e-02 5.81107577234533240e-02 1.51369034435912903e-01 2.18979284189338930e-01 3.01866004708258584e-01 3.41380579854586752e-01 4.17260034166707428e-01 4.22504608776405721e-01 4.51287962254425634e-01 4.94137866401330894e-01 5.07937890566303674e-01 6.09905122874937700e-01 7.69914986458063000e-01 7.98929066660365672e-01 
1.06595713928346353e-01 1.53998528655463096e-01 2.27161421416127718e-01 3.39338694865014612e-01 4.62656578235203675e-01 4.71525379422794377e-01 5.41303346181609135e-01 5.49634984759624134e-01 5.76097550652061363e-01 6.00555928740272638e-01 6.19450277455009135e-01 6.92179097302179969e-01 8.33207255215357767e-01 8.57988241418245257e-01 
3.20498746234451140e-02 5.58388647472181435e-02 2.14246262557170747e-01 2.46413560671481513e-01 3.57019962559209592e-01 3.73891185761399958e-01 3.88193435558472633e-01 4.53677395094289282e-01 4.58367557730371022e-01 7.12321977019845010e-01 8.44873079107839597e-01 8.69467480131693171e-01 9.70103376086022484e-01 9.75723465434969794e-01 
1.14471332712223609e-01 3.08007935989364157e-01 3.19816733322006552e-01 3.92585549413974055e-01 3.94996129135972540e-01 4.10078458824012948e-01 4.99935450410697202e-01 5.21236764558752563e-01 5.45402318573381062e-01 5.53886088843068780e-01 5.67487221789140683e-01 6.59041610441923220e-01 7.96555078543189854e-01 9.81703885171335333e-01 
6.23236441211164199e-02 8.05998905888151707e-02 1.55078993149437461e-01 1.78370479893460276e-01 1.99858211489891135e-01 2.42720501602784078e-01 2.48698341009670143e-01 2.64913534950341811e-01 3.12736874682448152e-01 3.28316216142782391e-01 3.67356313881424645e-01 4.04086260841450995e-01 4.46983176447879826e-01 4.53052318600150161e-01 4.79987379685176685e-01 5.49190625427028234e-01 6.01323478234076392e-01 6.37915543899590709e-01 6.41141489275956600e-01 8.25859633657877845e-01 8.57406074364524651e-01 9.08835460975424891e-01 9.17080834083728313e-01 9.87059309698581799e-01 
5.08673470169380276e-02 6.96323241904580059e-02 1.85096478801521802e-01 4.45018246570369591e-01 4.55292351416600072e-01 5.73866712040180027e-01 6.17917953829283495e-01 6.32468537719789281e-01 6.37707775534350541e-01 7.04723471769489462e-01 7.07343979144582247e-01 8.33294460724463115e-01 8.41018541089519234e-01 8.90297109677044229e-01 9.10797076930930261e-01 9.91170252154847553e-01 
1.34965667233835657e-01 1.68103972190294798e-01 1.78693979048816814e-01 2.58779392203138836e-01 2.74438263746927980e-01 3.05757166452703066e-01 3.93473134169516459e-01 4.16249367678551918e-01 4.31056271646453160e-01 4.33580429649467469e-01 4.53206905551110817e-01 5.02276979313947769e-01 6.94141902472108274e-01 6.99813282597270270e-01 7.20844468576270825e-01 7.53054005865379295e-01 8.83010421660288092e-01 9.65624343065083046e-01 
3.97090395712800318e-02 5.58388647472181435e-02 1.53998528655463096e-01 2.46413560671481513e-01 3.01866004708258584e-01 3.41380579854586752e-01 3.88193435558472633e-01 5.07937890566303674e-01 5.41303346181609135e-01 5.49634984759624134e-01 5.76097550652061363e-01 6.19450277455009135e-01 8.33207255215357767e-01 8.57988241418245257e-01 8.69467480131693171e-01 
5.10052635159073849e-03 3.20498746234451140e-02 1.51369034435912903e-01 2.18979284189338930e-01 2.27161421416127718e-01 3.39338694865014612e-01 3.73891185761399958e-01 4.51287962254425634e-01 4.53677395094289282e-01 4.62656578235203675e-01 4.94137866401330894e-01 6.00555928740272638e-01 6.09905122874937700e-01 6.92179097302179969e-01 
5.81107577234533240e-02 1.06595713928346353e-01 2.14246262557170747e-01 3.57019962559209592e-01 4.17260034166707428e-01 4.22504608776405721e-01 4.58367557730371022e-01 4.71525379422794377e-01 7.12321977019845010e-01 7.69914986458063000e-01 7.98929066660365672e-01 8.44873079107839597e-01 9.70103376086022484e-01 9.75723465434969794e-01 
3.14676032753676959e-03 4.89367972787508043e-02 1.03939144645419229e-01 1.25372619854880574e-01 1.38597531020376336e-01 1.63573985003040434e-01 1.73239747190372467e-01 3.31473903308534212e-01 3.77017210082403020e-01 4.28865063683199765e-01 4.48502485926791927e-01 5.64794294068197145e-01 6.06698826952564496e-01 7.42750133471191898e-01 7.68476163550876223e-01 8.13721576044475925e-01 8.31013138477560753e-01 8.47749788997843257e-01 8.63182032378171371e-01 8.66715971782602179e-01 8.93260652013441736e-01 9.52106874863649311e-01 9.55538231228046930e-01 9.94370340602028668e-01 
1.09530283132900391e-01 1.47398921065029193e-01 1.50059669103981552e-01 1.64396048776919462e-01 1.92497734563358835e-01 2.04438899798361440e-01 3.44466360940319793e-01 4.17416797132898365e-01 4.38515353084039272e-01 4.41612895707493736e-01 4.80065436383302901e-01 5.03111889311429694e-01 5.76763699181160661e-01 6.19239203157980311e-01 6.86580783154343344e-01 6.95408765613287794e-01 7.23062367381181570e-01 7.39886278372089534e-01 7.57393440559798958e-01 8.09439200949018223e-01 8.54699629642358794e-01 8.56825396984262078e-01 8.80040021450753995e-01 9.01738187216751363e-01 
1.14244193947138278e-01 1.35982529481414982e-01 1.74524884299687294e-01 2.00099247547387282e-01 2.12192809841614899e-01 2.89323787981863090e-01 2.95456279852701398e-01 3.35394431206825883e-01 4.00217801332311218e-01 4.60456101342134272e-01 5.44366238363382271e-01 5.80182296074104320e-01 5.87134494588451905e-01 5.91570482444736867e-01 7.21006601602186215e-01 7.39846828578828886e-01 7.66167491543878643e-01 8.60434258828294607e-01 9.60232547768393507e-01 9.64474621459393444e-01 9.72981116785522349e-01 
1.03719979163453102e-01 1.74044382753005822e-01 3.19769212835537608e-01 3.76758468210548481e-01 3.85718152222555011e-01 3.93291618019929956e-01 4.39915800434322601e-01 4.65548556599734042e-01 5.10455230927377102e-01 6.36167193422878530e-01 6.63291114915785074e-01 6.65595785713063215e-01 8.67304996765802638e-01 8.82173281351577576e-01 8.86295758365025388e-01 9.38714318754075849e-01 9.42393362898863440e-01 9.77922976044850345e-01 
5.10052635159073849e-03 1.06595713928346353e-01 2.14246262557170747e-01 2.46413560671481513e-01 3.01866004708258584e-01 3.88193435558472633e-01 4.94137866401330894e-01 5.07937890566303674e-01 6.00555928740272638e-01 6.09905122874937700e-01 6.19450277455009135e-01 7.12321977019845010e-01 7.98929066660365672e-01 8.33207255215357767e-01 8.44873079107839597e-01 
5.58388647472181435e-02 1.51369034435912903e-01 1.53998528655463096e-01 2.18979284189338930e-01 3.41380579854586752e-01 3.57019962559209592e-01 3.73891185761399958e-01 4.17260034166707428e-01 4.58367557730371022e-01 5.49634984759624134e-01 6.92179097302179969e-01 7.69914986458063000e-01 8.69467480131693171e-01 9.70103376086022484e-01 
3.20498746234451140e-02 3.97090395712800318e-02 5.81107577234533240e-02 2.27161421416127718e-01 3.39338694865014612e-01 4.22504608776405721e-01 4.51287962254425634e-01 4.53677395094289282e-01 4.62656578235203675e-01 4.71525379422794377e-01 5.41303346181609135e-01 5.76097550652061363e-01 8.57988241418245257e-01 9.75723465434969794e-01 
1.76221760422772718e-02 4.19444643345250473e-02 2.41440595198426422e-01 2.53917005435751519e-01 2.57312760180192723e-01 3.34951682631176917e-01 3.63683242326333034e-01 3.76434145145505716e-01 4.20803818595576973e-01 4.84828605155306624e-01 4.97160587674743248e-01 5.23792215572641440e-01 5.97331541785668607e-01 6.03380850147291259e-01 6.43448243637458006e-01 6.85374939842949060e-01 7.61125119872953171e-01 8.48473855799493304e-01 8.77688360113155652e-01 9.90914426879444976e-01 
5.26078772676267237e-02 9.60170355166669182e-02 1.48611201355566352e-01 1.65777680524908433e-01 1.98397332167711826e-01 2.58849781099199372e-01 3.74253895517883794e-01 4.59591991975219716e-01 5.86956199865348416e-01 6.30499018542692413e-01 6.62588733918043404e-01 6.84810197782672603e-01 8.45991453136933913e-01 9.02993506091086418e-01 9.67754319320848655e-01 9.69924300411247109e-01 
1.89425688654990057e-02 1.27388994814719936e-01 1.37937784629777016e-01 2.30984503195844071e-01 2.46704685905337728e-01 4.24242020915531814e-01 4.36691817240784652e-01 5.32830314110947612e-01 5.45755287519461563e-01 6.67058614413969075e-01 9.46765501196532133e-01 9.57149506609175083e-01 
5.03057314577285281e-02 9.66562650086665587e-02 3.53914788904798439e-01 4.02657719043852169e-01 4.09082376782893498e-01 4.17696655031361386e-01 4.63864284564953211e-01 4.76923123484996825e-01 5.66563060865588830e-01 5.92330153329073017e-01 6.52039080396450976e-01 6.54628109241946698e-01 6.64009746755467312e-01 8.02579923240816506e-01 8.07727368423989733e-01 8.18470152297660514e-01 8.67920773209918339e-01 9.18601565798092490e-01 9.33139179170723976e-01 
3.97090395712800318e-02 2.18979284189338930e-01 2.46413560671481513e-01 3.01866004708258584e-01 3.41380579854586752e-01 4.51287962254425634e-01 4.53677395094289282e-01 4.58367557730371022e-01 4.62656578235203675e-01 4.94137866401330894e-01 5.07937890566303674e-01 5.49634984759624134e-01 6.09905122874937700e-01 6.92179097302179969e-01 9.70103376086022484e-01 
1.51369034435912903e-01 1.53998528655463096e-01 3.57019962559209592e-01 3.73891185761399958e-01 4.17260034166707428e-01 4.22504608776405721e-01 4.71525379422794377e-01 5.41303346181609135e-01 5.76097550652061363e-01 7.12321977019845010e-01 8.33207255215357767e-01 8.44873079107839597e-01 8.69467480131693171e-01 9.75723465434969794e-01 
5.10052635159073849e-03 3.20498746234451140e-02 5.58388647472181435e-02 5.81107577234533240e-02 1.06595713928346353e-01 2.14246262557170747e-01 2.27161421416127718e-01 3.39338694865014612e-01 3.88193435558472633e-01 6.00555928740272638e-01 6.19450277455009135e-01 7.69914986458063000e-01 7.98929066660365672e-01 8.57988241418245257e-01 
4.12098880935369682e-03 1.25193809768216445e-02 1.17009583997333869e-01 1.22515961077890284e-01 2.15455791987152867e-01 2.95752385799273654e-01 2.99950358836455266e-01 3.54296930315305125e-01 3.90349996791770515e-01 5.54109743159434398e-01 7.30902024583794607e-01 7.46481348122278399e-01 7.58231051958061730e-01 7.60879606755721416e-01 8.11190085540542727e-01 8.17246381421662504e-01 8.21890464876319227e-01 8.75795522371717539e-01 9.03287567187790130e-01 9.36167611866053240e-01 9.44587124705876136e-01 9.61268774395714898e-01 9.69022987775570055e-01 9.82373567830880812e-01 
1.16001352507826908e-02 3.01242339231412026e-02 2.44127028626818982e-01 3.19665405448560092e-01 3.36676077337044743e-01 3.43951444503876158e-01 3.70714368865207144e-01 4.23352866223027868e-01 4.52142643526214083e-01 4.67538360611171488e-01 5.38216821957954172e-01 5.44883659764847095e-01 6.83102174087504288e-01 6.89304293381788336e-01 8.32768127224418730e-01 8.67419811694859932e-01 9.11357596537770598e-01 9.71025528290437423e-01 9.92611578975361897e-01 
2.81381835872164619e-03 1.58763268858438389e-02 1.01594494679652800e-01 1.79131674959364884e-01 1.97366047802413180e-01 2.35323323439100063e-01 2.77434878715906441e-01 2.97256640596392230e-01 3.95401798915841873e-01 4.67246747961165776e-01 4.81904782550281463e-01 5.18198707042341056e-01 5.86323286695506818e-01 6.08367584804270556e-01 7.19097853284778155e-01 8.66251349660572600e-01 8.73431349316579619e-01 8.95277493261067647e-01 9.08806635605724056e-01 9.50004135235885339e-01 9.62036710860803557e-01 
4.94671032629190044e-02 7.73437744142952688e-02 8.54309978920555352e-02 1.02944726142143908e-01 2.41203967465245139e-01 2.85757849334705105e-01 2.88674258418313845e-01 2.96320182406060062e-01 3.76381480955569558e-01 4.03979954380632167e-01 4.15984242512224822e-01 5.33613427990915601e-01 6.49377156314837056e-01 6.81366264054995119e-01 6.95890166715610547e-01 7.04367507180856056e-01 8.25442258575078802e-01 9.19839486860677180e-01 9.34194099540150424e-01 
3.20498746234451140e-02 5.58388647472181435e-02 2.18979284189338930e-01 4.17260034166707428e-01 4.22504608776405721e-01 4.71525379422794377e-01 4.94137866401330894e-01 5.41303346181609135e-01 5.49634984759624134e-01 6.09905122874937700e-01 6.19450277455009135e-01 6.92179097302179969e-01 8.33207255215357767e-01 8.57988241418245257e-01 9.75723465434969794e-01 
3.97090395712800318e-02 1.51369034435912903e-01 1.53998528655463096e-01 2.27161421416127718e-01 3.01866004708258584e-01 3.57019962559209592e-01 3.73891185761399958e-01 3.88193435558472633e-01 5.07937890566303674e-01 5.76097550652061363e-01 6.00555928740272638e-01 7.12321977019845010e-01 7.69914986458063000e-01 8.69467480131693171e-01 
5.10052635159073849e-03 5.81107577234533240e-02 1.06595713928346353e-01 2.14246262557170747e-01 2.46413560671481513e-01 3.39338694865014612e-01 3.41380579854586752e-01 4.51287962254425634e-01 4.53677395094289282e-01 4.58367557730371022e-01 4.62656578235203675e-01 7.98929066660365672e-01 8.44873079107839597e-01 9.70103376086022484e-01 
9.78105834406206229e-03 2.44758198616653252e-02 1.13486922923655670e-01 1.24743037247378327e-01 2.18117895870464207e-01 2.38526475757297657e-01 3.61784410464577266e-01 4.03347996958204336e-01 4.10397909071348266e-01 4.13047607661654714e-01 4.50669862902215279e-01 5.01356250723117070e-01 5.16893339615648650e-01 5.50233266132341248e-01 5.64119818920782001e-01 6.56394334044085648e-01 6.75653721009072505e-01 7.59686417020168148e-01 8.13127542943305026e-01 8.48619483825505228e-01 8.67908504134344061e-01 9.15197104907263470e-01 9.30528885146627571e-01 9.63410101865861956e-01 
7.66441925337113181e-03 1.22662448530685524e-02 7.90774998107803689e-02 1.96971298916410742e-01 2.20059180594459836e-01 2.29407862828239523e-01 2.43832567184827209e-01 2.96284673422239131e-01 3.03308632400955291e-01 3.18252848870447191e-01 4.06891137213144738e-01 4.80390171173855074e-01 6.65988446580526805e-01 7.16047768608430113e-01 8.76271310266288017e-01 9.29974368191282208e-01 9.72678327522209285e-01 
3.49275394972904385e-02 6.39365922230681061e-02 1.47229518848810831e-01 1.85101081191622219e-01 2.02547403825244138e-01 2.24636122206438332e-01 2.45908999594459166e-01 2.58595915931904285e-01 2.84013464770039137e-01 2.95642849855716039e-01 3.67816328187650199e-01 4.08440620305025204e-01 4.19415357307764580e-01 4.41497483013935710e-01 4.55728995291316274e-01 5.10338256385660327e-01 5.54070137740113378e-01 5.85084770144522093e-01 6.14966925226796857e-01 6.75375021231449324e-01 6.87592708069208469e-01 7.46554833912270954e-01 7.55775618467267596e-01 7.91693939852734396e-01 8.01953933340471825e-01 8.27882139845842469e-01 8.58045021854124568e-01 9.04510206402161399e-01 9.14196082880780359e-01 
1.82349193478017410e-02 2.13650768939308219e-02 2.46051749036925241e-02 4.17048601672347988e-02 7.57940813212755471e-02 2.43017778746718843e-01 3.26572095934736295e-01 4.59735483611063422e-01 6.09284369772622236e-01 6.57118495120823209e-01 6.59986754680179533e-01 7.18409868412599129e-01 7.87405199386589594e-01 7.92269365766021916e-01 8.41205457183644367e-01 8.62981747822277212e-01 9.11186803197181705e-01 9.32641123094424374e-01 9.56630260970354751e-01 
5.97323235485576615e-02 1.02215929636781763e-01 3.50264767277663591e-01 3.61880421836188293e-01 3.84549243982686917e-01 4.69445871119119340e-01 4.86636156880414394e-01 6.30995641571511667e-01 6.38495572095501784e-01 7.62579701693129719e-01 8.42344255211420867e-01 9.50871031817992263e-01 9.78025009060761952e-01 
8.49492300197834532e-02 1.62045214008282257e-01 2.10876659608977335e-01 3.01875377855012006e-01 4.52227262271507557e-01 5.24784624109199349e-01 6.35473149822809891e-01 7.05993180850643665e-01 8.14008039084920920e-01 8.47700895050184089e-01 8.55110564983152077e-01 9.06718236795801102e-01 9.91904830091436263e-01 
8.92167279163774835e-02 1.18070978740725405e-01 2.13890655039483929e-01 2.60420751577459031e-01 2.84054058971310641e-01 4.18877910654205543e-01 5.31045473472563034e-01 5.56339347383791427e-01 5.89674933069615714e-01 5.94026999305881320e-01 6.52274625830241317e-01 7.80945594337716154e-01 8.21366487884936602e-01 
1.05958192189740327e-02 8.45732442596139333e-02 1.06791294505935941e-01 1.64110866034407332e-01 1.78949230818370553e-01 2.13499745348465719e-01 2.80582510943568342e-01 5.01115376624697184e-01 5.20695882275677868e-01 6.04152464887995344e-01 6.15797129207608207e-01 6.52140882656316867e-01 6.81155434971895124e-01 7.01965159325203092e-01 8.52719583591770802e-01 8.92451807753984583e-01 9.04039058208704116e-01 9.85764956630314382e-01 
2.52081970101037441e-03 1.16185558639057378e-02 1.60210610565324971e-02 5.62139576308175112e-02 1.04688335562231977e-01 1.14391862387914892e-01 1.84905709252595030e-01 2.32021945333840462e-01 2.80368800739992929e-01 2.85528027408031793e-01 3.11992723414918682e-01 3.22904553437934672e-01 3.32914115006491262e-01 3.65827487733754841e-01 3.82176610857190291e-01 4.79016534130811578e-01 4.99249402859254621e-01 5.04142987484792804e-01 5.64295635078151836e-01 5.92502982805216960e-01 5.94510204037211332e-01 6.50954638217499770e-01 7.35198494263033075e-01 7.39964721640555045e-01 7.74812738614172991e-01 8.34184107910553529e-01 8.46940468450038675e-01 8.59057773585412354e-01 9.59828107278811737e-01 9.73024733093257099e-01 
4.31142792372293179e-02 9.26150369616217661e-02 1.85162077801216934e-01 1.87531223273879499e-01 2.49581567465439441e-01 2.73551530592868852e-01 3.34118083562078061e-01 3.40007530834040672e-01 3.92063589736508011e-01 4.36741855802496581e-01 4.77146066533766899e-01 6.75882007242838867e-01 7.05759116869925873e-01 7.29534031838599661e-01 7.89109538021441015e-01 7.92410527960668354e-01 8.33170180617987310e-01 8.43243104790077580e-01 8.80725928526619795e-01 9.06334745534216113e-01 9.30764192828078318e-01 9.91600213821639542e-01 
1.06921309806764057e-02 5.04883444945500165e-02 8.72331739646849541e-02 1.44621536989319455e-01 1.63453234956189269e-01 2.22767350812101306e-01 3.28440417038777355e-01 3.32141453580241497e-01 3.80331310514627152e-01 4.11872773888600552e-01 4.24682703980984955e-01 6.09224541234226313e-01 6.69804657252967117e-01 6.78350839468744971e-01 7.12114427316665299e-01 8.22794311139480872e-01 8.27584948160059342e-01 8.43543163594827838e-01 8.90078915938216642e-01 9.39750043606130792e-01 9.82431485536210958e-01 
5.97323235485576615e-02 1.18070978740725405e-01 2.84054058971310641e-01 3.01875377855012006e-01 4.18877910654205543e-01 4.52227262271507557e-01 5.31045473472563034e-01 5.56339347383791427e-01 5.89674933069615714e-01 5.94026999305881320e-01 7.05993180850643665e-01 7.80945594337716154e-01 8.55110564983152077e-01 
8.49492300197834532e-02 8.92167279163774835e-02 1.02215929636781763e-01 2.13890655039483929e-01 3.61880421836188293e-01 5.24784624109199349e-01 6.30995641571511667e-01 7.62579701693129719e-01 8.14008039084920920e-01 8.47700895050184089e-01 9.06718236795801102e-01 9.50871031817992263e-01 9.91904830091436263e-01 
1.62045214008282257e-01 2.10876659608977335e-01 2.60420751577459031e-01 3.50264767277663591e-01 3.84549243982686917e-01 4.69445871119119340e-01 4.86636156880414394e-01 6.35473149822809891e-01 6.38495572095501784e-01 6.52274625830241317e-01 8.21366487884936602e-01 8.42344255211420867e-01 9.78025009060761952e-01 
2.25717075257478930e-02 4.54343749937267533e-02 1.35545128062554088e-01 1.57884262514088602e-01 2.08389685218830611e-01 2.83282070095571159e-01 3.08463920617269682e-01 3.50959488214628690e-01 3.97897477833949853e-01 4.33010005557854349e-01 5.51252401177364071e-01 5.83604328174844533e-01 6.76647688715640183e-01 7.15821181066190415e-01 7.97710831142200427e-01 8.16108196369127348e-01 8.63650550310761878e-01 8.66186190420081603e-01 
1.77757747719326620e-01 2.07229016929619425e-01 2.57528583939646283e-01 2.74344438029334836e-01 3.07842198897074093e-01 3.40282650908795836e-01 3.94143312682548930e-01 5.60107708419809058e-01 5.91262605556803433e-01 6.36016370175489287e-01 6.71792896488692004e-01 7.01002295879289750e-01 8.46134860257777066e-01 8.86201579394955918e-01 9.07136206015366819e-01 9.78823362246916573e-01 9.95730590787495484e-01 
3.11375296296670587e-02 6.84069076064939274e-02 2.06777647476962895e-01 2.25390744983863189e-01 2.81879357168074607e-01 3.22364220791837686e-01 3.47232006302496288e-01 3.63105474362287073e-01 3.94028947644919414e-01 5.00762839779130275e-01 5.49997614894513820e-01 5.83053574710875377e-01 5.87904792406463095e-01 6.10449162942842682e-01 6.27756353297594716e-01 6.31241444833101850e-01 6.85917462474826434e-01 6.93848411973773449e-01 7.15627236292639912e-01 7.74103187978656404e-01 8.83008196247988764e-01 9.16344894079308636e-01 9.67994590719074788e-01 
1.25926168440341595e-02 2.10788707894341218e-02 4.16089322913430967e-02 1.32062970830991527e-01 1.99359872956514389e-01 2.46913161474429516e-01 4.03585524495069570e-01 4.07896207880525774e-01 4.71454469193604120e-01 4.90112220073621763e-01 5.01576923254364870e-01 5.50586165765464819e-01 5.71430950327309839e-01 6.30603806929812660e-01 6.84377313345040150e-01 7.36205818913300503e-01 7.64914853759125046e-01 9.01331770127916432e-01 9.65179935933039079e-01 9.69292317523438807e-01 9.78556295427143619e-01 
1.02215929636781763e-01 1.18070978740725405e-01 1.62045214008282257e-01 2.10876659608977335e-01 2.13890655039483929e-01 2.84054058971310641e-01 3.01875377855012006e-01 4.69445871119119340e-01 4.86636156880414394e-01 6.38495572095501784e-01 8.21366487884936602e-01 8.42344255211420867e-01 8.55110564983152077e-01 
5.97323235485576615e-02 8.92167279163774835e-02 2.60420751577459031e-01 3.50264767277663591e-01 3.61880421836188293e-01 4.18877910654205543e-01 5.24784624109199349e-01 5.56339347383791427e-01 6.30995641571511667e-01 7.05993180850643665e-01 7.62579701693129719e-01 7.80945594337716154e-01 9.50871031817992263e-01 
8.49492300197834532e-02 3.84549243982686917e-01 4.52227262271507557e-01 5.31045473472563034e-01 5.89674933069615714e-01 5.94026999305881320e-01 6.35473149822809891e-01 6.52274625830241317e-01 8.14008039084920920e-01 8.47700895050184089e-01 9.06718236795801102e-01 9.78025009060761952e-01 9.91904830091436263e-01 
5.20005944733275410e-02 9.65930030547738072e-02 1.15482275902145992e-01 1.53528033776926781e-01 4.28352131165701588e-01 4.40747342256339547e-01 5.10058152831009970e-01 5.12731993364855643e-01 5.30760825471345066e-01 5.48603995615268625e-01 6.20281912283929815e-01 6.93459208008367911e-01 7.13444958162420040e-01 7.21540284263899712e-01 7.33707090610739576e-01 7.40353909781597985e-01 7.48519264160657838e-01 8.18264619772430368e-01 8.38710574867674086e-01 8.57512842268618236e-01 9.26558959796393133e-01 
2.24525615092206823e-02 6.72074021294600948e-02 1.28695244780359319e-01 1.57401463394061525e-01 1.73884938363033453e-01 1.79250162404981872e-01 2.01787465873719929e-01 2.13084937401821800e-01 2.29669765391972897e-01 2.73007317373574254e-01 5.69346736068339410e-01 6.75386488785386652e-01 6.97585368704574105e-01 7.53145150424021637e-01 7.76594891324822179e-01 8.01299807722400614e-01 9.60010581809462193e-01 
2.90313036408570910e-02 8.16388738288147675e-02 8.84715230144390991e-02 1.41906031026575730e-01 1.50986847875070440e-01 1.75355258724361251e-01 2.80359735876995031e-01 3.99239480480444997e-01 4.15144116185180767e-01 4.18907282491750965e-01 4.46029990029443157e-01 6.24548397166219571e-01 6.83381093162843678e-01 7.70488278617946443e-01 8.64878600568831035e-01 8.72755903352230189e-01 9.65682277410138012e-01 
9.61013178004101604e-02 1.05028348680223690e-01 1.98419349503422354e-01 2.15376244427741170e-01 2.65524837867057217e-01 2.80143082519520914e-01 2.94207201270184293e-01 3.70257997069804945e-01 4.00110118959287553e-01 4.12303961096568528e-01 4.74898850151848573e-01 5.02745843884449539e-01 5.38189954029348216e-01 5.51930691635824422e-01 6.29000442352492861e-01 7.43571448989135853e-01 8.23390083042772836e-01 8.64368667102335841e-01 8.84018175699421760e-01 8.99448267873400709e-01 9.09687383893198698e-01 9.41413947882285274e-01 9.52212378658187530e-01 
5.97323235485576615e-02 8.49492300197834532e-02 8.92167279163774835e-02 1.62045214008282257e-01 2.60420751577459031e-01 3.61880421836188293e-01 4.52227262271507557e-01 5.89674933069615714e-01 6.35473149822809891e-01 7.80945594337716154e-01 8.21366487884936602e-01 8.55110564983152077e-01 9.91904830091436263e-01 
1.18070978740725405e-01 2.10876659608977335e-01 2.84054058971310641e-01 3.50264767277663591e-01 4.18877910654205543e-01 4.86636156880414394e-01 5.31045473472563034e-01 5.94026999305881320e-01 6.30995641571511667e-01 6.38495572095501784e-01 8.42344255211420867e-01 8.47700895050184089e-01 9.06718236795801102e-01 
1.02215929636781763e-01 2.13890655039483929e-01 3.01875377855012006e-01 3.84549243982686917e-01 4.69445871119119340e-01 5.24784624109199349e-01 5.56339347383791427e-01 6.52274625830241317e-01 7.05993180850643665e-01 7.62579701693129719e-01 8.14008039084920920e-01 9.50871031817992263e-01 9.78025009060761952e-01 
1.72968801250228787e-01 2.33147230051664794e-01 2.72154241843172218e-01 2.97694383923544859e-01 3.21170655714867304e-01 3.45901090614909812e-01 3.55279005742234755e-01 4.10397985772093687e-01 4.14746448523697409e-01 4.61651550290533286e-01 5.12761342338048931e-01 5.98831995194982869e-01 6.15989216526241057e-01 6.27831694276578367e-01 7.25987573888949300e-01 7.32915612032889463e-01 7.36989710364359119e-01 7.96667894905347840e-01 8.47815392999027084e-01 
1.28810270401188642e-01 1.43175652835245554e-01 2.47978689356437826e-01 2.56262430596885527e-01 2.80794120893778310e-01 3.95024304557340777e-01 4.64742284962162799e-01 5.40504891738005311e-01 6.81252169161092658e-01 7.29726213413690483e-01 7.40033430504896006e-01 7.85340166032397535e-01 8.61108551612891793e-01 9.63923393587071464e-01 9.71217251910127422e-01 
2.66285086610538110e-02 3.07820983778260733e-02 6.16568968523257543e-02 7.47154896113072786e-02 1.15838565124973605e-01 1.33829657732132956e-01 2.13410827023836069e-01 2.70533195875375276e-01 2.86327235125165946e-01 3.60977925110173459e-01 4.28912976218783104e-01 4.61127814542556969e-01 4.81696758451952589e-01 7.21693808920539359e-01 7.32567401658776318e-01 7.37921609738625861e-01 7.65477911458960825e-01 8.04317486761405465e-01 8.27749833872175267e-01 8.32889084693186232e-01 8.99688394750830289e-01 9.21816907688048470e-01 9.42057887005976591e-01 9.51247843231227352e-01 
8.41633862861549120e-02 1.87668279495782964e-01 2.10350823718890190e-01 2.49799999869823763e-01 3.22886373270781513e-01 3.48985426324986081e-01 3.64176353493971650e-01 4.49586604836993642e-01 5.17481375410098088e-01 5.47074696509765479e-01 5.56630272378204616e-01 5.68273087546928179e-01 5.95458333083332847e-01 5.98609947218395777e-01 6.49521858372566596e-01 6.55114572646289028e-01 7.61585711330129644e-01 7.85181716175659017e-01 8.47886610665156137e-01 8.77306599603106529e-01 
5.97323235485576615e-02 8.92167279163774835e-02 2.13890655039483929e-01 3.61880421836188293e-01 4.18877910654205543e-01 4.86636156880414394e-01 5.31045473472563034e-01 5.94026999305881320e-01 7.62579701693129719e-01 8.14008039084920920e-01 8.55110564983152077e-01 9.50871031817992263e-01 9.91904830091436263e-01 
1.02215929636781763e-01 1.18070978740725405e-01 1.62045214008282257e-01 2.84054058971310641e-01 3.01875377855012006e-01 3.50264767277663591e-01 3.84549243982686917e-01 5.24784624109199349e-01 5.56339347383791427e-01 6.30995641571511667e-01 7.05993180850643665e-01 8.42344255211420867e-01 9.78025009060761952e-01 
8.49492300197834532e-02 2.10876659608977335e-01 2.60420751577459031e-01 4.52227262271507557e-01 4.69445871119119340e-01 5.89674933069615714e-01 6.35473149822809891e-01 6.38495572095501784e-01 6.52274625830241317e-01 7.80945594337716154e-01 8.21366487884936602e-01 8.47700895050184089e-01 9.06718236795801102e-01 
8.57598374680931808e-03 3.03646667200596146e-02 1.36569598233537093e-01 2.00701336899065719e-01 2.37897002472685914e-01 2.90035915844729320e-01 3.89853042533856720e-01 4.11320303783967445e-01 5.26222934751550908e-01 6.87461377271640917e-01 7.26233439070373410e-01 8.74008919982240728e-01 9.49985016906519153e-01 9.54458382951862472e-01 9.62282001786663010e-01 9.65345077492051673e-01 9.75499910304433948e-01 
6.76769115717550801e-02 3.13197863874315474e-01 3.62846234242812204e-01 4.72021823860251710e-01 5.43384704030144494e-01 5.70932286122836197e-01 5.87221266347116355e-01 6.48460107847825151e-01 7.19299030430961994e-01 7.41479136116229842e-01 7.78555292650742192e-01 8.85866308078319342e-01 9.41880130549761274e-01 9.86277229512795506e-01 
1.05518082347720536e-02 9.34500725306459668e-02 1.06871302008483285e-01 2.00859110015567777e-01 2.22508986271915205e-01 2.29179733762357174e-01 2.54146788075499896e-01 3.23809445418823671e-01 3.63381156275085493e-01 4.29401993231097012e-01 4.78440038004680601e-01 5.07986652059828403e-01 5.28964123748631887e-01 5.30987046480171920e-01 5.35590785905596056e-01 5.70748166745593033e-01 5.78435743785040368e-01 5.95016831019422821e-01 6.31703057788843392e-01 7.33185928363970452e-01 8.61290064841454983e-01 9.11467673170990200e-01 9.16313792678032368e-01 9.41087072709040795e-01 9.83671704111649281e-01 
4.18940677285920549e-02 7.82694697519891458e-02 1.73306031041179753e-01 2.23521863986837016e-01 2.45199395996257563e-01 2.93243248609830365e-01 2.96149882840440359e-01 3.21581629996652962e-01 3.70197486045904800e-01 4.03763846200247467e-01 4.47195475906518702e-01 4.99327459998450573e-01 5.44307057777461578e-01 6.28637850241806850e-01 6.33570104338976869e-01 6.92635941204695071e-01 7.30204883615977796e-01 7.96054441598149531e-01 8.14461971619598213e-01 8.73786644950548919e-01 8.77002459841726978e-01 8.87579144471695169e-01 9.66335009512185317e-01 9.80365641784520236e-01 
9.51909280013874155e-03 9.89261849392857606e-02 1.21910394491131793e-01 1.29326775369331209e-01 1.36399444255729196e-01 1.46904411470384355e-01 2.97841060174248218e-01 4.18121498878955333e-01 4.23101458674613073e-01 4.28549039560416734e-01 4.79615257724787802e-01 5.06811091897399035e-01 5.79965966816171852e-01 6.35785757929458129e-01 7.51117153336348098e-01 9.53480442745227252e-01 
3.60525459316243524e-02 4.95364175120815223e-02 6.41279458290063831e-02 1.03622705137962012e-01 1.65331862397329027e-01 2.79928282896168557e-01 3.24266852388974625e-01 3.73980546967652927e-01 7.62885591598053248e-01 7.71703071854375144e-01 7.87587037083436470e-01 8.52475195184849044e-01 8.73780382260434529e-01 8.90550901990159294e-01 9.44879331771996345e-01 
1.19174020164733857e-01 1.56326344583380239e-01 3.08528571605685697e-01 4.04343857303104348e-01 4.26506115122208318e-01 4.74219921321900884e-01 5.98173205726370005e-01 6.69708197008981321e-01 7.24324050534710495e-01 7.96831093788032963e-01 8.56163484190381574e-01 8.62220123649951042e-01 9.08818435924245049e-01 9.85741568709280980e-01 9.94541548884508742e-01 
1.50741831318655078e-02 8.79577418212091344e-02 1.14999852319080845e-01 2.23149220243921254e-01 2.48299123261181670e-01 2.64549309619402262e-01 2.95318600264080855e-01 3.03085904877389511e-01 3.12630492054670195e-01 3.51495403164734210e-01 4.09787819822297228e-01 4.47473287414395848e-01 4.57575210349960348e-01 4.64426228567335730e-01 5.54674035313353242e-01 5.76478922052979459e-01 6.42121488050064082e-01 6.64178332709409180e-01 6.83413811074184196e-01 7.27644724493431538e-01 7.67689243512112096e-01 7.89814910937623460e-01 7.99004117438657402e-01 8.15526894026152194e-01 9.76029773122508049e-01 
3.51648558181016785e-02 1.19314563484134620e-01 1.26311943467190019e-01 1.38545096950407398e-01 1.83281643904135816e-01 2.34003822706872588e-01 2.69869636707637139e-01 2.93167101866295465e-01 4.36456353206966297e-01 4.50746758268070702e-01 5.36793039458962618e-01 5.41147359644641557e-01 5.67801936150525099e-01 6.73674200948479962e-01 7.02932550543941992e-01 8.20738985210048400e-01 9.01105947445484556e-01 
4.47855666332773322e-02 9.91110820994343805e-02 2.07059086869327835e-01 2.27708486920405906e-01 2.40921324694502448e-01 4.58176657954848965e-01 4.79800811416171813e-01 4.89226536774248599e-01 4.93380985693869789e-01 5.80369897982057403e-01 5.86209373959452829e-01 6.10449512695729668e-01 6.45208878870986879e-01 7.04762132323215273e-01 7.56197782387379558e-01 9.08973934870635381e-01 9.29963977025368038e-01 
2.32474066035856727e-02 4.38346001789614859e-02 1.22751960662817003e-01 2.04506632976865027e-01 2.08667443230623390e-01 4.06106255029918706e-01 4.55587716299623413e-01 5.13463637977223830e-01 6.74541413488564001e-01 7.34804312303167673e-01 7.57462653528873875e-01 7.98353512336811511e-01 9.44501671285741695e-01 9.73848920940084128e-01 
3.60525459316243524e-02 6.41279458290063831e-02 3.73980546967652927e-01 4.26506115122208318e-01 4.74219921321900884e-01 4.79615257724787802e-01 5.06811091897399035e-01 5.98173205726370005e-01 7.51117153336348098e-01 7.62885591598053248e-01 7.96831093788032963e-01 8.62220123649951042e-01 8.73780382260434529e-01 9.44879331771996345e-01 9.53480442745227252e-01 9.85741568709280980e-01 
9.89261849392857606e-02 1.03622705137962012e-01 1.29326775369331209e-01 1.46904411470384355e-01 1.56326344583380239e-01 1.65331862397329027e-01 2.97841060174248218e-01 3.08528571605685697e-01 4.28549039560416734e-01 5.79965966816171852e-01 6.35785757929458129e-01 7.24324050534710495e-01 8.56163484190381574e-01 9.08818435924245049e-01 9.94541548884508742e-01 
9.51909280013874155e-03 4.95364175120815223e-02 1.19174020164733857e-01 1.21910394491131793e-01 1.36399444255729196e-01 2.79928282896168557e-01 3.24266852388974625e-01 4.04343857303104348e-01 4.18121498878955333e-01 4.23101458674613073e-01 6.69708197008981321e-01 7.71703071854375144e-01 7.87587037083436470e-01 8.52475195184849044e-01 8.90550901990159294e-01 
6.57451761527408016e-03 8.72382590066467511e-02 3.13878534971665069e-01 3.53943986678789790e-01 4.17700547318909654e-01 4.94497965189083621e-01 5.36068540546450700e-01 5.39631105945418965e-01 5.98261186271213830e-01 6.08825146870985212e-01 6.21127597841287016e-01 6.65447915834434855e-01 6.74717672100455634e-01 8.16847635733112254e-01 8.33092249176758615e-01 8.67401586347096187e-01 8.90995803362855776e-01 9.12694480092804183e-01 9.20143183333886561e-01 
1.90701222363223663e-02 6.13650368463011658e-02 2.55900999441862731e-01 3.08335201316368768e-01 3.55286126928433754e-01 3.79496540232979185e-01 3.88228206566530953e-01 3.99892759143123500e-01 4.57972609501825445e-01 4.66254229522326091e-01 5.23305211526818415e-01 6.56099023554545746e-01 6.87867529700862623e-01 7.02758511500357397e-01 7.54844859169770177e-01 8.13642237223472398e-01 8.51939843452459544e-01 
1.01893628191365767e-02 6.37379384846937930e-02 8.43564390049538898e-02 1.11941482028404399e-01 1.48930404929130678e-01 1.73791246799578719e-01 1.89202407440971998e-01 2.01767721218089557e-01 2.32943671113479800e-01 2.78539204639990712e-01 5.16564240339392522e-01 5.22166333509057279e-01 5.83635953741008517e-01 6.07284527957710818e-01 6.60665300744640138e-01 6.96257984999710922e-01 7.28749852379786844e-01 7.69720809977773701e-01 8.10815241109638762e-01 8.33173425519716848e-01 8.60081215280056433e-01 8.86387407694261942e-01 9.27906150495731219e-01 9.43659870427277725e-01 
7.54324450003924785e-02 8.23947686090148457e-02 9.87205458907106370e-02 1.01226269571626407e-01 1.30964055083262532e-01 1.69762238142959210e-01 2.10120351938682282e-01 2.81646009508117579e-01 4.23920122835550472e-01 4.81009323654227050e-01 4.89026233292666812e-01 5.16647805955932959e-01 5.69454675130769639e-01 5.75632552054408331e-01 6.31737264162348433e-01 7.15154150333158767e-01 7.38191101576254671e-01 7.54669307557147118e-01 8.01283156280558240e-01 8.18951532871743049e-01 8.67087517869773894e-01 9.50132333420211084e-01 9.54140520070617781e-01 
6.41279458290063831e-02 1.03622705137962012e-01 1.19174020164733857e-01 1.46904411470384355e-01 1.65331862397329027e-01 3.08528571605685697e-01 4.18121498878955333e-01 4.26506115122208318e-01 5.79965966816171852e-01 6.35785757929458129e-01 7.24324050534710495e-01 7.71703071854375144e-01 7.96831093788032963e-01 8.62220123649951042e-01 9.44879331771996345e-01 9.94541548884508742e-01 
3.60525459316243524e-02 1.29326775369331209e-01 1.56326344583380239e-01 2.79928282896168557e-01 3.73980546967652927e-01 4.04343857303104348e-01 4.23101458674613073e-01 4.74219921321900884e-01 5.06811091897399035e-01 5.98173205726370005e-01 7.51117153336348098e-01 7.87587037083436470e-01 8.56163484190381574e-01 8.90550901990159294e-01 9.53480442745227252e-01 
9.51909280013874155e-03 4.95364175120815223e-02 9.89261849392857606e-02 1.21910394491131793e-01 1.36399444255729196e-01 2.97841060174248218e-01 3.24266852388974625e-01 4.28549039560416734e-01 4.79615257724787802e-01 6.69708197008981321e-01 7.62885591598053248e-01 8.52475195184849044e-01 8.73780382260434529e-01 9.08818435924245049e-01 9.85741568709280980e-01 
8.85213512618237067e-03 3.42804924610150968e-02 1.16223884919536571e-01 1.54084353619717285e-01 2.44267340271761585e-01 2.70813564780780558e-01 2.74973542672162896e-01 2.86577103978331693e-01 3.90919883931828305e-01 4.26425160160402883e-01 4.37106570423657470e-01 4.69023199279788694e-01 5.75253803377412942e-01 5.95266482189773960e-01 6.57956840214874550e-01 7.04537931384713434e-01 9.14847688073281984e-01 9.23422524170448566e-01 9.80491733906635243e-01 
3.17742991669232658e-02 8.96194335093566385e-02 1.04162100657266277e-01 2.54225413041913373e-01 3.01324811414781346e-01 3.73709126994274610e-01 3.94752805729428780e-01 4.48851216003815334e-01 4.90888146409482029e-01 5.15277472880062981e-01 5.89547372004960213e-01 6.63328013449662413e-01 6.96467210753962784e-01 7.04784422919848108e-01 7.40012840953691242e-01 8.51021419305717175e-01 9.32601405141945450e-01 
5.48978701043009373e-02 8.74406753956755434e-02 1.30522616149191029e-01 1.58928293851459346e-01 2.47515222941367963e-01 3.26620923257979090e-01 3.36081654959519249e-01 4.45540407708756026e-01 4.71576301370352113e-01 5.24632888152113064e-01 5.86106416206165881e-01 6.40708102248584876e-01 6.49834033165706204e-01 6.81384480678913551e-01 8.58119698034131462e-01 9.01725765832556592e-01 
2.40833635385900094e-02 3.77846553487489537e-02 7.97333645978074990e-02 8.61041755244941337e-02 9.69962348154414927e-02 1.09899067261125985e-01 1.57525216666591389e-01 1.69539411970242193e-01 2.72902957419558834e-01 3.87346208098234002e-01 4.08981151896025574e-01 4.16331925433704786e-01 4.60255767793691539e-01 4.92556870521095591e-01 5.20822174780948277e-01 5.37297897322078999e-01 5.54636782706018350e-01 5.87519713005294153e-01 5.96735574732208174e-01 6.09074439175742999e-01 6.46822913847986403e-01 6.51742950645662344e-01 6.54370428105274127e-01 6.82558096699493411e-01 7.19130461790393971e-01 7.53231009280824537e-01 7.73754991877081633e-01 7.89987191493414675e-01 8.05111385935510349e-01 8.23482188427774986e-01 
4.95364175120815223e-02 1.19174020164733857e-01 1.36399444255729196e-01 1.46904411470384355e-01 3.08528571605685697e-01 3.73980546967652927e-01 4.04343857303104348e-01 4.23101458674613073e-01 4.74219921321900884e-01 4.79615257724787802e-01 5.79965966816171852e-01 5.98173205726370005e-01 7.87587037083436470e-01 9.08818435924245049e-01 9.44879331771996345e-01 9.85741568709280980e-01 
9.51909280013874155e-03 1.21910394491131793e-01 1.29326775369331209e-01 1.56326344583380239e-01 3.24266852388974625e-01 4.18121498878955333e-01 6.35785757929458129e-01 6.69708197008981321e-01 7.24324050534710495e-01 7.51117153336348098e-01 7.62885591598053248e-01 7.71703071854375144e-01 8.56163484190381574e-01 8.90550901990159294e-01 9.53480442745227252e-01 
3.60525459316243524e-02 6.41279458290063831e-02 9.89261849392857606e-02 1.03622705137962012e-01 1.65331862397329027e-01 2.79928282896168557e-01 2.97841060174248218e-01 4.26506115122208318e-01 4.28549039560416734e-01 5.06811091897399035e-01 7.96831093788032963e-01 8.52475195184849044e-01 8.62220123649951042e-01 8.73780382260434529e-01 9.94541548884508742e-01 
1.66657135176741439e-01 1.77715400769115628e-01 1.95244345095347216e-01 2.17613977159744343e-01 2.21673822771781548e-01 2.36259181812373931e-01 3.05949706223663798e-01 3.39852071107273945e-01 3.49874642071560771e-01 3.91482766549802741e-01 4.64547579042888736e-01 5.16876507966789078e-01 5.46048050530481999e-01 5.54862138143756178e-01 7.59977280069373262e-01 7.84625015526107639e-01 7.94613255408557873e-01 8.23405406347247570e-01 9.11517531136701975e-01 9.72490243037517521e-01 
8.58138482938474237e-03 2.60464568528092251e-02 6.17933118152389216e-02 7.83071395212410343e-02 9.65568217037535981e-02 1.28473310528544438e-01 2.17016991317117464e-01 3.21180993540211901e-01 3.63395047663465920e-01 3.98133180891431793e-01 4.36268374715426677e-01 4.98848866728964668e-01 5.39886565308803412e-01 5.52767847059661088e-01 6.41978283948195783e-01 6.45562653781699192e-01 7.07477456710734143e-01 7.48220740354322733e-01 8.22617517821585764e-01 8.37125697210080233e-01 8.46214761233296309e-01 9.38406261658339957e-01 9.95465056274751348e-01 
2.60668389642966306e-02 3.27905858875772657e-02 7.83631700285608579e-02 9.34014904738317414e-02 1.57409593392745073e-01 1.80001247294172162e-01 2.10053940096331188e-01 3.27356896933529762e-01 3.37976257877245112e-01 6.48434693712722998e-01 7.85599749364993771e-01 8.05411448118164452e-01 9.68223414529767901e-01 
2.52068223804720187e-02 7.02271810047793432e-02 8.89164305102621566e-02 1.66540743170972727e-01 2.07612620115183083e-01 2.43591821245583207e-01 3.46120260538606561e-01 3.73142562631809616e-01 4.18059222419341681e-01 4.36559727151331955e-01 4.60423967804936995e-01 4.91264578638537064e-01 5.48253845803749251e-01 6.85999129884088954e-01 6.96004471640058520e-01 7.23599910608596519e-01 7.54318765171459460e-01 8.73567539979735019e-01 8.97258803671539651e-01 9.06429735323603492e-01 
9.89261849392857606e-02 1.19174020164733857e-01 1.46904411470384355e-01 3.08528571605685697e-01 4.04343857303104348e-01 4.18121498878955333e-01 4.28549039560416734e-01 4.79615257724787802e-01 6.69708197008981321e-01 7.62885591598053248e-01 7.71703071854375144e-01 7.87587037083436470e-01 8.52475195184849044e-01 8.73780382260434529e-01 8.90550901990159294e-01 9.85741568709280980e-01 
9.51909280013874155e-03 3.60525459316243524e-02 6.41279458290063831e-02 1.29326775369331209e-01 1.36399444255729196e-01 1.65331862397329027e-01 2.79928282896168557e-01 2.97841060174248218e-01 3.73980546967652927e-01 4.23101458674613073e-01 5.06811091897399035e-01 7.24324050534710495e-01 7.51117153336348098e-01 9.08818435924245049e-01 9.94541548884508742e-01 
4.95364175120815223e-02 1.03622705137962012e-01 1.21910394491131793e-01 1.56326344583380239e-01 3.24266852388974625e-01 4.26506115122208318e-01 4.74219921321900884e-01 5.79965966816171852e-01 5.98173205726370005e-01 6.35785757929458129e-01 7.96831093788032963e-01 8.56163484190381574e-01 8.62220123649951042e-01 9.44879331771996345e-01 9.53480442745227252e-01 
9.67080880424408401e-03 7.34922876015311477e-02 1.51469751392192764e-01 1.89937093721066153e-01 2.21680495887575879e-01 2.97322049694878077e-01 3.48843153554643348e-01 3.95627992426697439e-01 5.12796319343863272e-01 5.18955787202903474e-01 5.55421299998766549e-01 5.68449026889013220e-01 6.30207231863207484e-01 7.20821785436904117e-01 8.01859503790202544e-01 9.48774936747600606e-01 9.65844674569780293e-01 
1.06794732552185599e-02 7.01835901003996510e-02 1.11217529335005519e-01 1.29691888938576028e-01 2.90749944011788775e-01 3.54530318833213898e-01 4.27001127000493197e-01 4.56836067735152840e-01 4.64897603171021079e-01 4.67313742098844409e-01 4.79685273641775822e-01 5.29190611210795803e-01 5.44178277758933460e-01 5.67433197914056886e-01 5.69434232658875938e-01 7.22052334676158925e-01 7.61737503580778297e-01 7.82540541164015391e-01 8.69893487189953629e-01 8.83721588149833925e-01 9.23050243211947619e-01 
1.01951507954199966e-01 1.07304177377559221e-01 1.35497639645752482e-01 2.24313149549968394e-01 2.33065728894913671e-01 2.37987509061278774e-01 2.40389436451458299e-01 2.92353765403606358e-01 3.78197723132625452e-01 4.60271065275535352e-01 4.69851029170485712e-01 6.33806273000807607e-01 6.51849783594977361e-01 6.75489197427108556e-01 6.95735546586804476e-01 7.79399928065185987e-01 8.43279145853807366e-01 8.96878893995797233e-01 9.11837612551901100e-01 9.21675201657907284e-01 9.40573002235358668e-01 9.66322440003159477e-01 9.70673999600567883e-01 
5.16331761483888804e-02 2.04825339238462967e-01 2.44903398509483949e-01 3.64047808703894804e-01 3.68217659740316450e-01 4.04944559456580810e-01 4.68583479446397944e-01 4.88633918434974557e-01 5.07955455353961249e-01 6.15843124403589126e-01 6.38061876108204307e-01 6.81595075623174784e-01 7.15606501316396248e-01 8.11034199894995145e-01 8.34246350096241263e-01 8.75064241990523128e-01 9.04386994611351080e-01 9.19234741219198681e-01 9.24493045641122113e-01 9.33047817206962393e-01 9.54146533861457646e-01 
1.35743303940433768e-01 1.46141007228446501e-01 2.09807840109049876e-01 2.43284258565674039e-01 3.60296220930637401e-01 3.81327505359913776e-01 4.92640042833114300e-01 4.96988313953661554e-01 5.17404646582185102e-01 6.16434648245409500e-01 6.63407954129056732e-01 6.72093965893269418e-01 6.88959448528044138e-01 8.34761718156583177e-01 8.53739537676804994e-01 9.12244728051232356e-01 9.46560371945951995e-01 
1.20559806118524279e-01 1.60352510506985430e-01 3.38400569121025507e-01 3.44950678747304451e-01 3.75584056754628359e-01 3.92395151732710723e-01 5.58196507670652653e-01 6.55195484963479569e-01 7.29571561089991438e-01 7.60222411647259233e-01 7.85400414468180097e-01 8.48724997435852280e-01 8.58447343211679037e-01 8.78929607311100480e-01 8.93678079504024669e-01 9.88114074161474121e-01 
9.17864263054871676e-02 1.01871338462431710e-01 1.11145901963626809e-01 1.27751640415694617e-01 2.27482068658062170e-01 2.93434189397456302e-01 3.12238321480504066e-01 3.25360032799070498e-01 3.33386605221902110e-01 4.27475383751563132e-01 4.62879567410705239e-01 6.03713327849622394e-01 7.69464498785529250e-01 9.21618229067701744e-01 9.32681500461534085e-01 9.85023241426892793e-01 
3.91421911852906507e-02 9.60864636493898305e-02 1.68059561904165322e-01 2.83001269188077997e-01 3.28492530048625664e-01 3.53210485658005668e-01 4.63502025786516392e-01 4.88897443451090763e-01 5.36049631304783558e-01 5.49950900427628619e-01 6.97181975844112567e-01 8.35165345925487190e-01 8.75638815583287822e-01 8.82891782703495220e-01 9.74808905994503760e-01 
1.60919494007549596e-01 2.14268665167103800e-01 2.57913384144591362e-01 3.12389379319027993e-01 3.54084909804970038e-01 3.63499757175820337e-01 3.69506651324656821e-01 3.81690049481557769e-01 3.92446799337359653e-01 4.31558890249845395e-01 6.16445413366724759e-01 6.29856428835024240e-01 8.97206786994741545e-01 9.67395676380921721e-01 9.94162707586448646e-01 
2.40037320737634050e-02 9.05571835997360242e-02 1.31941609992865388e-01 1.61133014244433548e-01 2.36526104477642274e-01 3.86155324232280273e-01 4.06188297624918593e-01 5.31892878639003475e-01 5.93126575923418109e-01 6.17577397149081331e-01 6.73116615012044450e-01 6.88445851205382930e-01 7.13683503804380837e-01 7.60161232026132394e-01 8.80347380136086155e-01 9.84742310960921574e-01 
9.61305274304050800e-03 3.60209968375198253e-01 4.03451889418396825e-01 6.66522934893298613e-01 6.70856196870017518e-01 7.24474453561732790e-01 7.67980378252241969e-01 7.90328395277237972e-01 9.57176622663407306e-01 9.68750127051981158e-01 9.92085702338927677e-01 
9.17864263054871676e-02 1.01871338462431710e-01 1.20559806118524279e-01 1.27751640415694617e-01 1.46141007228446501e-01 3.81327505359913776e-01 4.62879567410705239e-01 5.17404646582185102e-01 6.63407954129056732e-01 7.60222411647259233e-01 7.85400414468180097e-01 8.48724997435852280e-01 8.58447343211679037e-01 9.12244728051232356e-01 9.32681500461534085e-01 9.85023241426892793e-01 9.88114074161474121e-01 
1.11145901963626809e-01 1.60352510506985430e-01 2.93434189397456302e-01 3.12238321480504066e-01 3.60296220930637401e-01 3.75584056754628359e-01 4.27475383751563132e-01 4.92640042833114300e-01 4.96988313953661554e-01 5.58196507670652653e-01 6.03713327849622394e-01 6.16434648245409500e-01 8.53739537676804994e-01 8.93678079504024669e-01 9.21618229067701744e-01 9.46560371945951995e-01 
1.35743303940433768e-01 2.09807840109049876e-01 2.27482068658062170e-01 2.43284258565674039e-01 3.25360032799070498e-01 3.33386605221902110e-01 3.38400569121025507e-01 3.44950678747304451e-01 3.92395151732710723e-01 6.55195484963479569e-01 6.72093965893269418e-01 6.88959448528044138e-01 7.29571561089991438e-01 7.69464498785529250e-01 8.34761718156583177e-01 8.78929607311100480e-01 
1.50740366128888470e-01 1.62725216198679273e-01 1.87813985673805528e-01 2.37032050685351992e-01 2.70503098719976465e-01 2.90540075309784540e-01 3.66258438836978339e-01 3.82829677393781487e-01 4.33961862204278626e-01 4.41427943186678828e-01 4.88921427250257334e-01 5.20758421421979145e-01 5.40997311423279448e-01 5.76630047466648921e-01 5.93890824596972733e-01 6.24131761730152168e-01 6.30033669112487815e-01 6.91597495361667702e-01 7.27262076371971822e-01 7.91827441054926973e-01 8.27706719173696981e-01 8.37102787115985070e-01 8.50350138315695725e-01 9.51535933187742100e-01 9.87197156536261833e-01 
5.12083502479768610e-02 6.41827226788011795e-02 1.42884014522562164e-01 1.66294435835662668e-01 2.32368914302789109e-01 3.88940909062488793e-01 4.31785901749629941e-01 4.85968337856271249e-01 5.18936674145543453e-01 5.27070635739384286e-01 5.50839876966663922e-01 5.59359939022163855e-01 6.44612079757830525e-01 6.68087736755093142e-01 7.21014659333153118e-01 7.37032843894567136e-01 8.76409000318070674e-01 8.80619471328566994e-01 9.23059102404318432e-01 9.96750835984673955e-01 
4.04487482084009906e-02 8.12051416831064687e-02 1.77829323619735857e-01 2.15787210228623294e-01 3.37787713758288755e-01 3.97099225361695618e-01 4.38059886548930077e-01 4.71376358557735298e-01 6.23249092017909123e-01 6.60587006587043835e-01 6.82927328153286162e-01 7.04177640941984540e-01 7.06215374936945528e-01 8.49477695850329839e-01 9.08377200792645834e-01 9.46733575646358072e-01 9.53442975258364411e-01 9.57271554451786799e-01 9.99783842739775608e-01 
9.76305840943772485e-03 8.41031593303506603e-02 1.35479990195465166e-01 2.10682055552803948e-01 2.34927412078424880e-01 2.66790721788728147e-01 3.06537166429927621e-01 3.83170152608619308e-01 4.05724026414304328e-01 4.71119695918831349e-01 4.95086529255418850e-01 5.06638380736662453e-01 5.58373606978184944e-01 6.60425645121974769e-01 7.10533999681778772e-01 7.17452081171860767e-01 7.98562056056637326e-01 
9.17864263054871676e-02 1.01871338462431710e-01 1.20559806118524279e-01 3.33386605221902110e-01 3.44950678747304451e-01 3.60296220930637401e-01 3.75584056754628359e-01 3.81327505359913776e-01 3.92395151732710723e-01 4.62879567410705239e-01 5.58196507670652653e-01 6.16434648245409500e-01 6.72093965893269418e-01 7.69464498785529250e-01 8.78929607311100480e-01 9.12244728051232356e-01 9.32681500461534085e-01 
1.11145901963626809e-01 1.27751640415694617e-01 1.46141007228446501e-01 1.60352510506985430e-01 2.09807840109049876e-01 2.43284258565674039e-01 2.93434189397456302e-01 4.96988313953661554e-01 6.63407954129056732e-01 6.88959448528044138e-01 7.60222411647259233e-01 7.85400414468180097e-01 8.34761718156583177e-01 8.53739537676804994e-01 9.21618229067701744e-01 9.46560371945951995e-01 
1.35743303940433768e-01 2.27482068658062170e-01 3.12238321480504066e-01 3.25360032799070498e-01 3.38400569121025507e-01 4.27475383751563132e-01 4.92640042833114300e-01 5.17404646582185102e-01 6.03713327849622394e-01 6.55195484963479569e-01 7.29571561089991438e-01 8.48724997435852280e-01 8.58447343211679037e-01 8.93678079504024669e-01 9.85023241426892793e-01 9.88114074161474121e-01 
2.28195939556489896e-02 4.46424686901233658e-02 8.22583411339954801e-02 1.56447765706009878e-01 2.78321180785256361e-01 2.84017260207120648e-01 2.96503905510076049e-01 3.00258187633609619e-01 3.37978835642370246e-01 5.35913432115101451e-01 5.63114014887242997e-01 5.92833910507506778e-01 6.30465736822002576e-01 7.69657449596561682e-01 7.72533285785392709e-01 7.80492125849140184e-01 8.15902025550219068e-01 8.18660203142787202e-01 8.97956020548080769e-01 9.22633301932042849e-01 9.93074150294166236e-01 
5.99713736797366087e-02 7.86510997286235802e-02 8.10078428372488502e-02 3.14536092700033243e-01 3.75747124302043489e-01 3.81872723287015325e-01 3.96449300249507364e-01 4.23421302162173108e-01 5.09902639239383837e-01 5.93322015148643356e-01 6.08072371680267176e-01 6.57746165295807428e-01 6.67451971034215941e-01 6.74534903663749796e-01 6.92854545885355222e-01 6.97650718466635178e-01 7.30716341972430405e-01 7.37526075400814829e-01 7.46603371669123050e-01 7.54393201227458343e-01 7.98249732640498033e-01 8.03335811483966489e-01 8.06420440381900860e-01 8.21634946899658103e-01 8.39847618152411712e-01 8.43260620736229427e-01 9.59793193429581692e-01 9.76666136973723176e-01 
1.21118142127648237e-01 2.44109151418118731e-01 2.61391005671015475e-01 2.68007784902578317e-01 2.70354033507447189e-01 3.98382767837761331e-01 4.99437008930717463e-01 5.88178043620677271e-01 5.99501289062086107e-01 6.07959834021684076e-01 7.22510552752250179e-01 7.32374506652760493e-01 7.89986943097394145e-01 8.26654387513257594e-01 9.30455989514502035e-01 9.82776307601559762e-01 
2.03624726378621029e-02 3.84734272283604808e-02 4.65053053394138133e-02 5.30385508923743171e-02 6.93334494449037164e-02 7.54416337880505217e-02 1.18803612053424795e-01 2.09232322634213264e-01 2.28354589940700348e-01 2.37197448268875372e-01 3.10018985523956625e-01 3.21437374533697584e-01 3.44949167548230851e-01 5.42027480319153820e-01 5.56694031441230752e-01 6.04736120196490035e-01 6.76113646281795710e-01 6.83944069907898022e-01 7.08835366857390681e-01 7.71898360009712459e-01 8.77213020511898645e-01 9.82463214481348879e-01 
1.11145901963626809e-01 1.35743303940433768e-01 1.60352510506985430e-01 2.27482068658062170e-01 2.43284258565674039e-01 2.93434189397456302e-01 3.33386605221902110e-01 6.16434648245409500e-01 6.63407954129056732e-01 6.72093965893269418e-01 7.69464498785529250e-01 7.85400414468180097e-01 8.48724997435852280e-01 8.58447343211679037e-01 8.93678079504024669e-01 9.32681500461534085e-01 9.85023241426892793e-01 
1.01871338462431710e-01 1.27751640415694617e-01 1.46141007228446501e-01 2.09807840109049876e-01 3.25360032799070498e-01 3.44950678747304451e-01 3.75584056754628359e-01 4.27475383751563132e-01 5.17404646582185102e-01 6.03713327849622394e-01 6.55195484963479569e-01 7.29571561089991438e-01 8.53739537676804994e-01 8.78929607311100480e-01 9.12244728051232356e-01 9.88114074161474121e-01 
9.17864263054871676e-02 1.20559806118524279e-01 3.12238321480504066e-01 3.38400569121025507e-01 3.60296220930637401e-01 3.81327505359913776e-01 3.92395151732710723e-01 4.62879567410705239e-01 4.92640042833114300e-01 4.96988313953661554e-01 5.58196507670652653e-01 6.88959448528044138e-01 7.60222411647259233e-01 8.34761718156583177e-01 9.21618229067701744e-01 9.46560371945951995e-01 
2.04941082253567719e-02 1.15787061216998416e-01 1.38395838553450612e-01 1.73346907255800098e-01 1.93351210604004009e-01 2.29301811966551083e-01 2.74560385883196256e-01 4.03758295530971645e-01 4.47313426767954325e-01 5.54654443870833846e-01 7.83101878549351094e-01 9.22475822377055277e-01 9.35619610008789571e-01 9.66051113944910833e-01 
1.69170285762368922e-02 5.25235690259303889e-02 6.44146672918577412e-02 2.16151815618899290e-01 4.52528347110120410e-01 4.70227959459083078e-01 5.45965169111660265e-01 8.02546625025076343e-01 8.05628370431680119e-01 8.14852911170458771e-01 8.38968782681597913e-01 8.63191398130907728e-01 8.76214277838314626e-01 8.89709353384732227e-01 9.57668093840219559e-01 
7.77316328923978728e-02 2.09957342934953078e-01 2.37033056554829286e-01 2.39602757746232436e-01 3.24541186689068950e-01 3.61056686606644250e-01 3.99951032644560001e-01 4.08261506617179248e-01 4.36239011061448190e-01 4.99446338287717340e-01 5.40076599952802439e-01 6.18635032135010143e-01 7.25756270417607929e-01 8.94884748406750363e-01 9.16845955089121922e-01 9.68878529956569645e-01 
5.08326759809250572e-02 1.18515298083586046e-01 1.59004398614832093e-01 1.76444251599710111e-01 1.97392326050877975e-01 2.21083235917049897e-01 2.28760941518000555e-01 2.68227500288066079e-01 2.84511779792212316e-01 2.90355114709439976e-01 3.07976383658684516e-01 3.12450981775950931e-01 4.01372409305366884e-01 4.08433579751773690e-01 4.72570337461758028e-01 4.79686705204772301e-01 4.87054698687103382e-01 6.12754793537544695e-01 6.64990445198421209e-01 6.88616896352262420e-01 7.46566659793590715e-01 
9.17864263054871676e-02 1.11145901963626809e-01 1.60352510506985430e-01 2.43284258565674039e-01 3.25360032799070498e-01 3.38400569121025507e-01 3.60296220930637401e-01 3.81327505359913776e-01 3.92395151732710723e-01 4.92640042833114300e-01 5.17404646582185102e-01 6.72093965893269418e-01 7.69464498785529250e-01 8.34761718156583177e-01 8.48724997435852280e-01 8.58447343211679037e-01 9.12244728051232356e-01 
1.46141007228446501e-01 2.09807840109049876e-01 3.12238321480504066e-01 3.44950678747304451e-01 4.27475383751563132e-01 4.62879567410705239e-01 4.96988313953661554e-01 6.16434648245409500e-01 6.63407954129056732e-01 6.88959448528044138e-01 7.60222411647259233e-01 7.85400414468180097e-01 8.53739537676804994e-01 8.78929607311100480e-01 8.93678079504024669e-01 9.21618229067701744e-01 
1.01871338462431710e-01 1.20559806118524279e-01 1.27751640415694617e-01 1.35743303940433768e-01 2.27482068658062170e-01 2.93434189397456302e-01 3.33386605221902110e-01 3.75584056754628359e-01 5.58196507670652653e-01 6.03713327849622394e-01 6.55195484963479569e-01 7.29571561089991438e-01 9.32681500461534085e-01 9.46560371945951995e-01 9.85023241426892793e-01 9.88114074161474121e-01 
1.10124455777721855e-01 1.23378562277418474e-01 2.25956421310457123e-01 4.65365270905119255e-01 5.74422483154652719e-01 6.12211602103379771e-01 6.17740717668795902e-01 6.54107736036905307e-01 6.90911334369933683e-01 7.21951017732826883e-01 7.44341061867195064e-01 8.14796258617455860e-01 
2.62140251166526950e-01 3.02041343478336721e-01 3.23702490485251237e-01 3.57913329781977763e-01 5.29063008506789556e-01 5.71422578310398999e-01 5.73570702495813212e-01 5.78197506887480395e-01 6.01170873699451103e-01 6.11874057583742359e-01 6.28347549335761202e-01 6.96391301908226179e-01 7.21272499165326098e-01 7.65448238980146578e-01 8.92729556519507250e-01 9.45396657133760088e-01 9.73835497172734876e-01 
7.59965827192734950e-02 1.57552647393900097e-01 1.62992535795418836e-01 2.06745964281280448e-01 2.68293729972287509e-01 3.16485799001638091e-01 3.41826875070658787e-01 3.48980646212756318e-01 4.37372737014323998e-01 4.44442513212405632e-01 4.55026333356799095e-01 5.19968224740671059e-01 6.04522133114012927e-01 6.79155893657232390e-01 9.08671903939501480e-01 9.44873690773517017e-01 9.92378802707594598e-01 
4.59434201286066241e-02 7.01117092957944665e-02 1.15625302027389673e-01 2.40860004043598863e-01 2.97539481155802366e-01 3.44940884534249370e-01 3.99375138752353587e-01 4.19184691769745599e-01 4.44987648615949805e-01 4.57273745457699665e-01 4.77942891252584434e-01 4.98774869771153484e-01 5.50508089832845715e-01 5.53943970167370514e-01 6.22458051871316198e-01 7.04690986190163793e-01 8.31334113362643956e-01 8.34887739663332185e-01 8.38993841760068970e-01 8.70723178005373244e-01 9.26409884991023724e-01 9.97540390929608445e-01 
